# Multimode fit report (exact zeta zeros)

modes N         : 40
var(gamma_std)  : 0.0149781641
var(gamma_opt)  : 0.0253447537
reduction (x)   : 0.59098

trend c0        : 0.00162095177958
trend c1 (u)    : 0.017039637104

coefficients (omega, a_cos, b_sin):
  14.134725141  -0.00122673994303  0.00100589576355
  21.022039639  0.00274492245897  -0.00347450219189
  25.010857580  0.000286640057903  0.00251134971243
  30.424876126  0.00231135359219  0.00149011160108
  32.935061588  0.000638154540907  0.00244456575871
  37.586178159  -0.00116767950373  0.00277308851015
  40.918719012  0.00114898914762  0.00119011789854
  43.327073281  0.00101532608774  -7.92048030783e-07
  48.005150881  0.0012257534311  -0.000702882377715
  49.773832478  -0.000685837546969  0.000411543558482
  52.970321478  0.00269695836203  -0.000722485906387
  56.446247697  0.00184984817588  -0.00396488228172
  59.347044003  0.00061559825789  9.21220709506e-05
  60.831778525  -0.000143739341166  0.000989735454414
  65.112544048  -0.000977766087512  0.000667940928146
  67.079810529  0.00266654475417  -4.0638976392e-05
  69.546401711  -0.00120566282086  0.000369561426583
  72.067157674  0.00115648130367  0.000830574980712
  75.704690699  -0.0013098408632  0.000628695592002
  77.144840069  0.00271349109382  0.000763912075371
  79.337375020  -0.00117401875405  0.00264490168622
  82.910380854  0.00170440373964  -0.00188359827081
  84.735492981  0.00163540731866  0.00182997990749
  87.425274613  -0.00111320700374  0.000238824239125
  88.809111208  -0.000763654589702  -0.00109067561986
  92.491899271  -0.00315124638811  -2.57648173418e-05
  94.651344041  -0.00168638645918  -0.00299883515001
  95.870634228  -0.00140012596495  -0.00242264421485
  98.831194218  -0.00409337898818  -0.00152079785598
  101.317851006  -0.00182343650764  -0.00150624115585
  103.725538040  0.00060852848749  0.00138395939285
  105.446623052  -0.000626685759443  0.00211457043175
  107.168611184  -0.000311822166406  -0.000745937719285
  111.029535543  -0.00137834298004  -0.00125775749102
  111.874659177  -0.00141848109978  -0.000489502267322
  114.320220915  -0.00270600368844  0.00221922089129
  116.226680321  0.000680632416502  -0.000475604828755
  118.790782866  -0.000831964083401  -0.00132709787418
  121.370125002  -0.00116366784206  0.000685543883287
  122.946829294  0.000901756033256  -0.000783515909121