# Multimode fit report (exact zeta zeros)

modes N         : 40
var(gamma_std)  : 0.0154369756
var(gamma_opt)  : 0.025692185
reduction (x)   : 0.60084

trend c0        : 0.00243166527197
trend c1 (u)    : 0.0136891703233

coefficients (omega, a_cos, b_sin):
  14.134725141  -0.00182167629073  -0.00420503588204
  21.022039639  -0.00240358170691  0.000876035631967
  25.010857580  -0.00523676065641  0.000576103590574
  30.424876126  -0.00240091160007  0.00622902551398
  32.935061588  -0.00326730797458  0.0033405352686
  37.586178159  0.00658475101553  -0.00296308157897
  40.918719012  0.00410835524593  0.00179959127049
  43.327073281  0.00194363323728  -0.00242179618135
  48.005150881  -0.00192383986984  -0.000763099496279
  49.773832478  -0.000533828148751  -0.00164126727035
  52.970321478  0.00206664603715  0.00253289167328
  56.446247697  -0.00301363655493  0.000733569105439
  59.347044003  0.000801772045699  0.00147738107357
  60.831778525  -0.000570787736949  0.00216763665794
  65.112544048  0.00051094641506  0.00110303502421
  67.079810529  -0.000127216358685  0.00141819800944
  69.546401711  0.00171136679769  -0.000131829832741
  72.067157674  0.00269974104043  0.00156627539407
  75.704690699  0.00217733818941  0.00338911904539
  77.144840069  -0.00110605722708  0.00427826344248
  79.337375020  -0.00499756882888  0.000900196656824
  82.910380854  0.000689487726307  0.000481276457374
  84.735492981  0.000218271681228  0.00483631000792
  87.425274613  -0.00175331914334  0.00213805698577
  88.809111208  -0.00442004613419  0.000120742769274
  92.491899271  -0.00122201228146  0.00557628322649
  94.651344041  -0.00287434933308  0.00181142506212
  95.870634228  0.0015857757488  -0.00415197159794
  98.831194218  0.0057691769877  -0.00417860979273
  101.317851006  0.00224224542261  -0.00286856212585
  103.725538040  0.00221883514556  0.00238283093406
  105.446623052  0.000478009825583  -0.00248831672711
  107.168611184  -0.000590454267616  8.76900062236e-05
  111.029535543  -0.00031166367008  -0.00191298758074
  111.874659177  0.000288560688938  0.000189601008265
  114.320220915  0.000312540095188  0.00620948452116
  116.226680321  -0.00209388333636  0.00177213023101
  118.790782866  -0.00296149709264  0.000537595014497
  121.370125002  -0.000991100486161  -0.000975792436993
  122.946829294  9.67718752042e-05  -1.18622384834e-05