# Multimode fit report (exact zeta zeros)

modes N         : 40
var(gamma_std)  : 0.0164786211
var(gamma_opt)  : 0.0278987822
reduction (x)   : 0.59066

trend c0        : 0.0019263483921
trend c1 (u)    : 0.0155592320734

coefficients (omega, a_cos, b_sin):
  14.134725141  -0.0020623994137  0.00152342823805
  21.022039639  -0.00222644003834  -0.00375926815426
  25.010857580  -0.000619918577483  0.00429437713934
  30.424876126  0.00346079942086  0.0036023039247
  32.935061588  -0.0011669891163  0.00257070690048
  37.586178159  0.000877256964869  0.00334699678937
  40.918719012  0.00171641995899  0.000278690337059
  43.327073281  0.00251150695881  0.00140480741447
  48.005150881  -0.000614199135252  0.00204145785763
  49.773832478  -0.00233715763371  -0.0017106571196
  52.970321478  0.000390758606601  0.00102341944263
  56.446247697  -0.00378132410334  -0.00398984316549
  59.347044003  -0.000529418257606  0.000941785991885
  60.831778525  0.0010546336503  -0.000723290270739
  65.112544048  0.0011881597485  0.00144537325011
  67.079810529  8.04133432231e-05  -0.000841734584071
  69.546401711  -0.00145533926084  0.000723926063833
  72.067157674  -0.000376333697934  -0.00207532138448
  75.704690699  -0.000224331866636  0.00393121606973
  77.144840069  0.000455427581131  0.00183295656197
  79.337375020  -0.00290324251836  0.00261965186303
  82.910380854  -0.000833363899544  0.000963545079142
  84.735492981  0.000624165390728  0.00269608157312
  87.425274613  -0.000226618319556  0.00221384371711
  88.809111208  0.00130825223243  -0.000538355136161
  92.491899271  -0.00368932220971  0.00253059558799
  94.651344041  -0.00191542587629  0.000929302639534
  95.870634228  0.00130521784836  -0.00397287207857
  98.831194218  -0.00277566782725  -0.00545804531073
  101.317851006  0.000297000796597  -0.00337810866233
  103.725538040  0.00169486594777  0.000966466676839
  105.446623052  0.000242210650742  -0.00133863500699
  107.168611184  0.00198783680865  -0.00261753479068
  111.029535543  0.000614297204338  0.000490715788018
  111.874659177  0.000869818670001  -0.000251276876941
  114.320220915  -0.0029331050627  0.00492000896774
  116.226680321  -6.01443106798e-05  0.00254693544402
  118.790782866  -0.000344995103432  -0.00100698746545
  121.370125002  -0.000902443038255  0.000989201379801
  122.946829294  -0.000784855616722  0.000930057912911