# Multimode fit report (exact zeta zeros)

modes N         : 40
var(gamma_std)  : 0.0145643068
var(gamma_opt)  : 0.0246333193
reduction (x)   : 0.59124

trend c0        : 0.00269496720404
trend c1 (u)    : 0.0131558555956

coefficients (omega, a_cos, b_sin):
  14.134725141  0.00013781184166  -0.00284030468779
  21.022039639  0.000828620093172  0.000650402818561
  25.010857580  -0.00568368373064  -0.00165652896452
  30.424876126  -0.00302564712013  0.00622545491219
  32.935061588  -0.00325391512227  0.0012322964996
  37.586178159  0.00140201619363  -0.00702722957465
  40.918719012  0.00167892624516  -0.000128789143123
  43.327073281  0.00453599107691  -0.000753609242169
  48.005150881  -0.00167571429417  0.00225517137351
  49.773832478  0.00240903214515  -0.00202926866924
  52.970321478  -0.00153004022781  0.00201255814961
  56.446247697  -0.00153042061859  0.000375823596522
  59.347044003  0.00283514943298  0.000584104842135
  60.831778525  -0.00108594271066  0.00402600178268
  65.112544048  0.00179193115159  -0.00210230392553
  67.079810529  -0.000420374059545  0.00236068952432
  69.546401711  0.003558826379  5.14538660027e-06
  72.067157674  0.00120338596651  0.000903552758104
  75.704690699  0.00488250665637  0.00107514034982
  77.144840069  -0.00158523299069  0.00236115048746
  79.337375020  -0.00589686470457  0.000681064190576
  82.910380854  0.00246071340405  0.000209080831993
  84.735492981  1.87750844974e-05  0.00381805730413
  87.425274613  -0.00200360946349  0.00378452609128
  88.809111208  -0.000640815123219  0.00103309091884
  92.491899271  0.00113255597811  0.00567104716577
  94.651344041  -0.00154429424719  0.000807360961073
  95.870634228  0.00546038602692  -0.00253892057775
  98.831194218  0.00697427626026  0.00235164406666
  101.317851006  0.00585205885678  -0.00125095548299
  103.725538040  0.00215473669181  0.00199738659677
  105.446623052  -0.00278289689387  -0.00116917610157
  107.168611184  0.00103233603846  8.07411633495e-05
  111.029535543  -0.00280791923011  -0.00371566771683
  111.874659177  0.000512300419125  -0.000669562367732
  114.320220915  0.000922495220479  0.00871133951409
  116.226680321  -0.000356341870047  0.000939872204933
  118.790782866  0.00109903963354  -0.000570847006791
  121.370125002  0.0035340547294  -0.000796651914737
  122.946829294  -0.00223224158975  0.000116231181967